交流群753430447
fo随意（广角）速度1.5



〔猎枪·水平(距离→倍率)〕
        0.0    2
       20.0    0.6935
       30.0    0.7015
       40.0    0.7135
       50.0    0.7275
       60.0    0.7515
       70.0    0.7635
       80.0    0.7711
       90.0    0.8015
      100.0    0.8315
      110.0    0.8355
      120.0    0.8415
      130.0    0.8675
      140.0    0.8821
      150.0    0.9155
      160.0    0.9277
      170.0    0.94
      180.0    0.9515
      190.0    0.9636
      200.0    0.9725
      220.0    1.01
      240.0    1.05
      260.0    1.07
      280.0    1.1
      300.0    1.13
      320.0    1.15
      340.0    1.17
      380.0    1.19
      420.0    1.22
      460.0    1.24
      520.0    1.3
〔猎枪·垂直上升(距离→倍率)〕 
        0.0    2
       20.0    0.93
       40.0    0.94
       60.0    0.97
       80.0    0.982
      100.0    0.992
      120.0    0.999
      140.0    1.015
      160.0    1.035
      180.0    1.055
      200.0    1.095
      220.0    1.1
      240.0    1.12
      260.0    1.13
      280.0    1.14
      300.0    1.15
〔猎枪·垂直下坠(距离→倍率)〕
        0.0    2
       20.0    1.11
       40.0    1.12
       60.0    1.13
       80.0    1.14
      100.0    1.1425
      120.0    1.1536
      140.0    1.1578
      160.0    1.1655
      180.0    1.1698
      200.0    1.18
      220.0    1.2
      240.0    1.22
      260.0    1.24
      280.0    1.26
      300.0    1.28
〔左轮·水平(距离→倍率)〕 
        1.0    0.6245
       20.0    0.6305
       30.0    0.6345
       40.0    0.6381
       50.0    0.7275
       60.0    0.7501
       70.0    0.8082
       80.0    0.8658
       90.0    0.9455
      100.0    1.0297
      110.0    1.0692
      120.0    1.1116
      130.0    1.1132
      140.0    1.1161
      150.0    1.1214
      160.0    1.1278
      170.0    1.1321
      180.0    1.1345
      190.0    1.1373
      200.0    1.1395
      210.0    1.1412
      220.0    1.1425
      230.0    1.1443
      240.0    1.1456
      250.0    1.1468
      260.0    1.1481
      270.0    1.1499
      280.0    1.1521
      290.0    1.1543
      300.0    1.1575
      320.0    1.16
      340.0    1.1625
      360.0    1.164
      380.0    1.167
      400.0    1.17
      420.0    1.1721
      440.0    1.1725
      460.0    1.1732
      480.0    1.1766
      500.0    1.1779
      520.0    1.1825
〔左轮·垂直上升(距离→倍率)〕
        0.0    2
       25.0    0.797
       50.0    0.882
       75.0    0.884
       90.0    0.886
      100.0    0.888
      140.0    0.952
      160.0    0.9575
      180.0    0.9602
      200.0    0.9666
      220.0    0.9775
      250.0    0.9875
      280.0    1.0075
      310.0    1.0175
      340.0    1.0375
      370.0    1.0675
      400.0    1.0975
      460.0    1.1375
      520.0    1.1575
〔左轮·垂直下坠(距离→倍率)〕 
        0.0    2
       25.0    0.8775
       75.0    0.8973
       90.0    0.9275
      100.0    0.94
      120.0    0.9655
      140.0    1.06
      160.0    1.097
      180.0    1.1
      200.0    1.121
      230.0    1.131
      260.0    1.151
      290.0    1.171
      320.0    1.181
      350.0    1.201
      380.0    1.231
      410.0    1.261
      460.0    1.281
      520.0    1.311
〔狙击·水平(距离→倍率)〕 
        1.0    1
       20.0    0.8275
       30.0    0.8375
       40.0    0.8525
       50.0    0.8922
       60.0    0.9137
       70.0    0.9185
       80.0    0.9247
       90.0    0.9307
      100.0    0.9398
      110.0    0.9412
      120.0    0.9524
      130.0    0.9565
      140.0    0.9675
      150.0    0.9802
      160.0    0.9882
      170.0    0.9915
      180.0    1.0834
      190.0    1.1048
      200.0    1.1175
      210.0    1.2321
      220.0    1.2443
      230.0    1.2541
      240.0    1.2658
      250.0    1.2762
      260.0    1.2838
      270.0    1.2975
      280.0    1.3012
      290.0    1.3044
      300.0    1.3077
      320.0    1.31
      340.0    1.3155
      360.0    1.32
      380.0    1.33
      400.0    1.34
      420.0    1.36
      440.0    1.37
      460.0    1.38
      480.0    1.49
      500.0    1.5
      520.0    1.52
〔狙击·垂直上升(距离→倍率)〕 
        0.0    2
       20.0    0.83
       40.0    0.84
       60.0    0.85
       80.0    0.86
      100.0    0.87
      120.0    0.72
      140.0    0.74
      160.0    0.89
      180.0    0.98
      200.0    1.02
      220.0    1.05
      240.0    1.12
      260.0    1.125
      280.0    1.13
      300.0    1.135
      320.0    1.14
      340.0    1.145
      360.0    1.15
      380.0    1.155
      400.0    1.16
      420.0    1.165
      440.0    1.17
      460.0    1.175
      480.0    1.18
      500.0    1.185
      520.0    1.19
〔狙击·垂直下坠(距离→倍率)〕
        0.0    2
       20.0    0.89
       40.0    0.9
       60.0    0.91
       80.0    0.92
      100.0    0.93
      120.0    1.1
      140.0    1.15
      160.0    1.17
      180.0    1.19
      200.0    1.21
      220.0    1.215
      240.0    1.22
      260.0    1.225
      280.0    1.24
      300.0    1.24
      320.0    1.245
      340.0    1.25
      360.0    1.255
      380.0    1.26
      400.0    1.265
      420.0    1.27
      440.0    1.275
      460.0    1.28
      480.0    1.285
      500.0    1.3
      520.0    1.355